if _G.Key == "SVIX Is Cool" then
    repeat wait(1) until game:IsLoaded()

    if game.PlaceId == 2753915549 then
        W = true
    elseif game.PlaceId == 4442272183 then
        W2 = true
    elseif game.PlaceId == 7449423635 then
        W3 = true
    end


    function CheckQuest()
        local Level = game:GetService("Players").LocalPlayer.Data.Level.Value
        if W then
            if Level == 1 or Level <= 9 then
                Mon = "Bandit [Lv. 5]"
                LQuest = 1
                NQuest = "BanditQuest1"
                NameMon = "Bandit"
                CFrameQuest = CFrame.new(1059.37195, 15.4495068, 1550.4231, 0.939700544, -0, -0.341998369, 0, 1, -0, 0.341998369, 0, 0.939700544)
            elseif Level == 10 or Level <= 14 then
                Mon = "Monkey [Lv. 14]"
                LQuest = 1
                NQuest = "JungleQuest"
                NameMon = "Monkey"
                CFrameQuest = CFrame.new(-1598.08911, 35.5501175, 153.377838, 0, 0, 1, 0, 1, -0, -1, 0, 0)
            elseif Level == 15 or Level <= 29 then
                Mon = "Gorilla [Lv. 20]"
                LQuest = 2
                NQuest = "JungleQuest"
                NameMon = "Gorilla"
                CFrameQuest = CFrame.new(-1598.08911, 35.5501175, 153.377838, 0, 0, 1, 0, 1, -0, -1, 0, 0)
            elseif Level == 30 or Level <= 39 then
                Mon = "Pirate [Lv. 35]"
                LQuest = 1
                NQuest = "BuggyQuest1"
                NameMon = "Pirate"
                CFrameQuest = CFrame.new(-1141.07483, 4.10001802, 3831.5498, 0.965929627, -0, -0.258804798, 0, 1, -0, 0.258804798, 0, 0.965929627)
            elseif Level == 40 or Level <= 59 then
                Mon = "Brute [Lv. 45]"
                LQuest = 2
                NQuest = "BuggyQuest1"
                NameMon = "Brute"
                CFrameQuest = CFrame.new(-1141.07483, 4.10001802, 3831.5498, 0.965929627, -0, -0.258804798, 0, 1, -0, 0.258804798, 0, 0.965929627)
            elseif Level == 60 or Level <= 74 then
                Mon = "Desert Bandit [Lv. 60]"
                LQuest = 1
                NQuest = "DesertQuest"
                NameMon = "Desert Bandit"
                CFrameQuest = CFrame.new(894.488647, 5.14000702, 4392.43359, 0.819155693, -0, -0.573571265, 0, 1, -0, 0.573571265, 0, 0.819155693)
            elseif Level == 75 or Level <= 89 then
                Mon = "Desert Officer [Lv. 70]"
                LQuest = 2
                NQuest = "DesertQuest"
                NameMon = "Desert Officer"
                CFrameQuest = CFrame.new(894.488647, 5.14000702, 4392.43359, 0.819155693, -0, -0.573571265, 0, 1, -0, 0.573571265, 0, 0.819155693)
            elseif Level == 90 or Level <= 99 then
                Mon = "Snow Bandit [Lv. 90]"
                LQuest = 1
                NQuest = "SnowQuest"
                NameMon = "Snow Bandit"
                CFrameQuest = CFrame.new(1389.74451, 88.1519318, -1298.90796, -0.342042685, 0, 0.939684391, 0, 1, 0, -0.939684391, 0, -0.342042685)
            elseif Level == 100 or Level <= 119 then
                Mon = "Snowman [Lv. 100]"
                LQuest = 2
                NQuest = "SnowQuest"
                NameMon = "Snowman"
                CFrameQuest = CFrame.new(1389.74451, 88.1519318, -1298.90796, -0.342042685, 0, 0.939684391, 0, 1, 0, -0.939684391, 0, -0.342042685)
            elseif Level == 120 or Level <= 149 then
                Mon = "Chief Petty Officer [Lv. 120]"
                LQuest = 1
                NQuest = "MarineQuest2"
                NameMon = "Chief Petty Officer"
                CFrameQuest = CFrame.new(-5039.58643, 27.3500385, 4324.68018, 0, 0, -1, 0, 1, 0, 1, 0, 0)
            elseif Level == 150 or Level <= 174 then
                Mon = "Sky Bandit [Lv. 150]"
                LQuest = 1
                NQuest = "SkyQuest"
                NameMon = "Sky Bandit"
                CFrameQuest = CFrame.new(-4839.53027, 716.368591, -2619.44165, 0.866007268, 0, 0.500031412, 0, 1, 0, -0.500031412, 0, 0.866007268)
            elseif Level == 175 or Level <= 189 then
                Mon = "Dark Master [Lv. 175]"
                LQuest = 2
                NQuest = "SkyQuest"
                NameMon = "Dark Master"
                CFrameQuest = CFrame.new(-4839.53027, 716.368591, -2619.44165, 0.866007268, 0, 0.500031412, 0, 1, 0, -0.500031412, 0, 0.866007268)
            elseif Level == 190 or Level <= 209 then
                Mon = "Prisoner [Lv. 190]"
                LQuest = 1
                NQuest = "PrisonerQuest"
                NameMon = "Prisoner"
                CFrameQuest = CFrame.new(5308.93115, 1.65517521, 475.120514, -0.0894274712, -5.00292918e-09, -0.995993316, 1.60817859e-09, 1, -5.16744869e-09, 0.995993316, -2.06384709e-09, -0.0894274712)
            elseif Level == 210 or Level <= 249 then
                Mon = "Dangerous Prisoner [Lv. 210]"
                LQuest = 2
                NQuest = "PrisonerQuest"
                NameMon = "Dangerous Prisoner"
                CFrameQuest = CFrame.new(5308.93115, 1.65517521, 475.120514, -0.0894274712, -5.00292918e-09, -0.995993316, 1.60817859e-09, 1, -5.16744869e-09, 0.995993316, -2.06384709e-09, -0.0894274712)
            elseif Level == 250 or Level <= 274 then
                Mon = "Toga Warrior [Lv. 250]"
                LQuest = 1
                NQuest = "ColosseumQuest"
                NameMon = "Toga Warrior"
                CFrameQuest = CFrame.new(-1580.04663, 6.35000277, -2986.47534, -0.515037298, 0, -0.857167721, 0, 1, 0, 0.857167721, 0, -0.515037298)
            elseif Level == 275 or Level <= 299 then
                Mon = "Gladiator [Lv. 275]"
                LQuest = 2
                NQuest = "ColosseumQuest"
                NameMon = "Gladiator"
                CFrameQuest = CFrame.new(-1580.04663, 6.35000277, -2986.47534, -0.515037298, 0, -0.857167721, 0, 1, 0, 0.857167721, 0, -0.515037298)
            elseif Level == 300 or Level <= 324 then
                Mon = "Military Soldier [Lv. 300]"
                LQuest = 1
                NQuest = "MagmaQuest"
                NameMon = "Military Soldier"
                CFrameQuest = CFrame.new(-5313.37012, 10.9500084, 8515.29395, -0.499959469, 0, 0.866048813, 0, 1, 0, -0.866048813, 0, -0.499959469)
            elseif Level == 325 or Level <= 449 then
                Mon = "Military Spy [Lv. 325]"
                LQuest = 2
                NQuest = "MagmaQuest"
                NameMon = "Military Spy"
                CFrameQuest = CFrame.new(-5313.37012, 10.9500084, 8515.29395, -0.499959469, 0, 0.866048813, 0, 1, 0, -0.866048813, 0, -0.499959469)
            elseif Level == 450 or Level <= 474 then
                Mon = "God's Guard [Lv. 450]"
                LQuest = 1
                NQuest = "SkyExp1Quest"
                NameMon = "God's Guard"
                CFrameQuest = CFrame.new(-4721.88867, 843.874695, -1949.96643, 0.996191859, -0, -0.0871884301, 0, 1, -0, 0.0871884301, 0, 0.996191859)
            elseif Level == 475 or Level <= 524 then
                Mon = "Shanda [Lv. 475]"
                LQuest = 2
                NQuest = "SkyExp1Quest"
                NameMon = "Shanda"
                CFrameQuest = CFrame.new(-7859.09814, 5544.19043, -381.476196, -0.422592998, 0, 0.906319618, 0, 1, 0, -0.906319618, 0, -0.422592998)
            elseif Level == 525 or Level <= 549 then
                Mon = "Royal Squad [Lv. 525]"
                LQuest = 1
                NQuest = "SkyExp2Quest"
                NameMon = "Royal Squad"
                CFrameQuest = CFrame.new(-7906.81592, 5634.6626, -1411.99194, 0, 0, -1, 0, 1, 0, 1, 0, 0)
            elseif Level == 550 or Level <= 624 then
                Mon = "Royal Soldier [Lv. 550]"
                LQuest = 2
                NQuest = "SkyExp2Quest"
                NameMon = "Royal Soldier"
                CFrameQuest = CFrame.new(-7906.81592, 5634.6626, -1411.99194, 0, 0, -1, 0, 1, 0, 1, 0, 0)
            elseif Level == 625 or Level <= 649 then
                Mon = "Galley Pirate [Lv. 625]"
                LQuest = 1
                NQuest = "FountainQuest"
                NameMon = "Galley Pirate"
                CFrameQuest = CFrame.new(5259.81982, 37.3500175, 4050.0293, 0.087131381, 0, 0.996196866, 0, 1, 0, -0.996196866, 0, 0.087131381)
            elseif Level >= 650 then
                Mon = "Galley Captain [Lv. 650]"
                LQuest = 2
                NQuest = "FountainQuest"
                NameMon = "Galley Captain"
                CFrameQuest = CFrame.new(5259.81982, 37.3500175, 4050.0293, 0.087131381, 0, 0.996196866, 0, 1, 0, -0.996196866, 0, 0.087131381)
            end
        elseif W2 then
            if Level == 700 or Level <= 724 then
                Mon = "Raider [Lv. 700]"
                LQuest = 1
                NQuest = "Area1Quest"
                NameMon = "Raider"
                CFrameQuest = CFrame.new(-429.543518, 71.7699966, 1836.18188, -0.22495985, 0, -0.974368095, 0, 1, 0, 0.974368095, 0, -0.22495985)
            elseif Level == 725 or Level <= 774 then
                Mon = "Mercenary [Lv. 725]"
                LQuest = 2
                NQuest = "Area1Quest"
                NameMon = "Mercenary"
                CFrameQuest = CFrame.new(-429.543518, 71.7699966, 1836.18188, -0.22495985, 0, -0.974368095, 0, 1, 0, 0.974368095, 0, -0.22495985)
            elseif Level == 775 or Level <= 799 then
                Mon = "Swan Pirate [Lv. 775]"
                LQuest = 1
                NQuest = "Area2Quest"
                NameMon = "Swan Pirate"
                CFrameQuest = CFrame.new(638.43811, 71.769989, 918.282898, 0.139203906, 0, 0.99026376, 0, 1, 0, -0.99026376, 0, 0.139203906)
            elseif Level == 800 or Level <= 874 then
                Mon = "Factory Staff [Lv. 800]"
                NQuest = "Area2Quest"
                LQuest = 2
                NameMon = "Factory Staff"
                CFrameQuest = CFrame.new(632.698608, 73.1055908, 918.666321, -0.0319722369, 8.96074881e-10, -0.999488771, 1.36326533e-10, 1, 8.92172336e-10, 0.999488771, -1.07732087e-10, -0.0319722369)
            elseif Level == 875 or Level <= 899 then
                Mon = "Marine Lieutenant [Lv. 875]"
                LQuest = 1
                NQuest = "MarineQuest3"
                NameMon = "Marine Lieutenant"
                CFrameQuest = CFrame.new(-2440.79639, 71.7140732, -3216.06812, 0.866007268, 0, 0.500031412, 0, 1, 0, -0.500031412, 0, 0.866007268)
            elseif Level == 900 or Level <= 949 then
                Mon = "Marine Captain [Lv. 900]"
                LQuest = 2
                NQuest = "MarineQuest3"
                NameMon = "Marine Captain"
                CFrameQuest = CFrame.new(-2440.79639, 71.7140732, -3216.06812, 0.866007268, 0, 0.500031412, 0, 1, 0, -0.500031412, 0, 0.866007268)
            elseif Level == 950 or Level <= 974 then
                Mon = "Zombie [Lv. 950]"
                LQuest = 1
                NQuest = "ZombieQuest"
                NameMon = "Zombie"
                CFrameQuest = CFrame.new(-5497.06152, 47.5923004, -795.237061, -0.29242146, 0, -0.95628953, 0, 1, 0, 0.95628953, 0, -0.29242146)
            elseif Level == 975 or Level <= 999 then
                Mon = "Vampire [Lv. 975]"
                LQuest = 2
                NQuest = "ZombieQuest"
                NameMon = "Vampire"
                CFrameQuest = CFrame.new(-5497.06152, 47.5923004, -795.237061, -0.29242146, 0, -0.95628953, 0, 1, 0, 0.95628953, 0, -0.29242146)
            elseif Level == 1000 or Level <= 1049 then
                Mon = "Snow Trooper [Lv. 1000]"
                LQuest = 1
                NQuest = "SnowMountainQuest"
                NameMon = "Snow Trooper"
                CFrameQuest = CFrame.new(609.858826, 400.119904, -5372.25928, -0.374604106, 0, 0.92718488, 0, 1, 0, -0.92718488, 0, -0.374604106)
            elseif Level == 1050 or Level <= 1099 then
                Mon = "Winter Warrior [Lv. 1050]"
                LQuest = 2
                NQuest = "SnowMountainQuest"
                NameMon = "Winter Warrior"
                CFrameQuest = CFrame.new(609.858826, 400.119904, -5372.25928, -0.374604106, 0, 0.92718488, 0, 1, 0, -0.92718488, 0, -0.374604106)
            elseif Level == 1100 or Level <= 1124 then
                Mon = "Lab Subordinate [Lv. 1100]"
                LQuest = 1
                NQuest = "IceSideQuest"
                NameMon = "Lab Subordinate"
                CFrameQuest = CFrame.new(-6064.06885, 15.2422857, -4902.97852, 0.453972578, -0, -0.891015649, 0, 1, -0, 0.891015649, 0, 0.453972578)
            elseif Level == 1125 or Level <= 1174 then
                Mon = "Horned Warrior [Lv. 1125]"
                LQuest = 2
                NQuest = "IceSideQuest"
                NameMon = "Horned Warrior"
                CFrameQuest = CFrame.new(-6064.06885, 15.2422857, -4902.97852, 0.453972578, -0, -0.891015649, 0, 1, -0, 0.891015649, 0, 0.453972578)
            elseif Level == 1175 or Level <= 1199 then
                Mon = "Magma Ninja [Lv. 1175]"
                LQuest = 1
                NQuest = "FireSideQuest"
                NameMon = "Magma Ninja"
                CFrameQuest = CFrame.new(-5428.03174, 15.0622921, -5299.43457, -0.882952213, 0, 0.469463557, 0, 1, 0, -0.469463557, 0, -0.882952213)
            elseif Level == 1200 or Level <= 1249 then
                Mon = "Lava Pirate [Lv. 1200]"
                LQuest = 2
                NQuest = "FireSideQuest"
                NameMon = "Lava Pirate"
                CFrameQuest = CFrame.new(-5428.03174, 15.0622921, -5299.43457, -0.882952213, 0, 0.469463557, 0, 1, 0, -0.469463557, 0, -0.882952213)
            elseif Level == 1250 or Level <= 1274 then
                Mon = "Ship Deckhand [Lv. 1250]"
                LQuest = 1
                NQuest = "ShipQuest1"
                NameMon = "Ship Deckhand"
                CFrameQuest = CFrame.new(1037.80127, 125.092171, 32911.6016)         
            elseif Level == 1275 or Level <= 1299 then
                Mon = "Ship Engineer [Lv. 1275]"
                LQuest = 2
                NQuest = "ShipQuest1"
                NameMon = "Ship Engineer"
                CFrameQuest = CFrame.new(1037.80127, 125.092171, 32911.6016)
            elseif Level == 1300 or Level <= 1324 then
                Mon = "Ship Steward [Lv. 1300]"
                LQuest = 1
                NQuest = "ShipQuest2"
                NameMon = "Ship Steward"
                CFrameQuest = CFrame.new(968.80957, 125.092171, 33244.125)
            elseif Level == 1325 or Level <= 1349 then
                Mon = "Ship Officer [Lv. 1325]"
                LQuest = 2
                NQuest = "ShipQuest2"
                NameMon = "Ship Officer"
                CFrameQuest = CFrame.new(968.80957, 125.092171, 33244.125)
            elseif Level == 1350 or Level <= 1374 then
                Mon = "Arctic Warrior [Lv. 1350]"
                LQuest = 1
                NQuest = "FrostQuest"
                NameMon = "Arctic Warrior"
                CFrameQuest = CFrame.new(5667.6582, 26.7997818, -6486.08984, -0.933587909, 0, -0.358349502, 0, 1, 0, 0.358349502, 0, -0.933587909)
            elseif Level == 1375 or Level <= 1424 then
                Mon = "Snow Lurker [Lv. 1375]"
                LQuest = 2
                NQuest = "FrostQuest"
                NameMon = "Snow Lurker"
                CFrameQuest = CFrame.new(5667.6582, 26.7997818, -6486.08984, -0.933587909, 0, -0.358349502, 0, 1, 0, 0.358349502, 0, -0.933587909)
            elseif Level == 1425 or Level <= 1449 then
                Mon = "Sea Soldier [Lv. 1425]"
                LQuest = 1
                NQuest = "ForgottenQuest"
                NameMon = "Sea Soldier"
                CFrameQuest = CFrame.new(-3054.44458, 235.544281, -10142.8193, 0.990270376, -0, -0.13915664, 0, 1, -0, 0.13915664, 0, 0.990270376)
            elseif Level >= 1450 then
                Mon = "Water Fighter [Lv. 1450]"
                LQuest = 2
                NQuest = "ForgottenQuest"
                NameMon = "Water Fighter"
                CFrameQuest = CFrame.new(-3054.44458, 235.544281, -10142.8193, 0.990270376, -0, -0.13915664, 0, 1, -0, 0.13915664, 0, 0.990270376)
            end
        elseif W3 then
            if Level == 1500 or Level <= 1524 then
                Mon = "Pirate Millionaire [Lv. 1500]"
                LQuest = 1
                NQuest = "PiratePortQuest"
                NameMon = "Pirate Millionaire"
                CFrameQuest = CFrame.new(-290.074677, 42.9034653, 5581.58984, 0.965929627, -0, -0.258804798, 0, 1, -0, 0.258804798, 0, 0.965929627)
            elseif Level == 1525 or Level <= 1574 then
                Mon = "Pistol Billionaire [Lv. 1525]"
                LQuest = 2
                NQuest = "PiratePortQuest"
                NameMon = "Pistol Billionaire"
                CFrameQuest = CFrame.new(-290.074677, 42.9034653, 5581.58984, 0.965929627, -0, -0.258804798, 0, 1, -0, 0.258804798, 0, 0.965929627)
            elseif Level == 1575 or Level <= 1599 then
                Mon = "Dragon Crew Warrior [Lv. 1575]"
                LQuest = 1
                NQuest = "AmazonQuest"
                NameMon = "Dragon Crew Warrior"
                CFrameQuest = CFrame.new(5832.83594, 51.6806107, -1101.51563, 0.898790359, -0, -0.438378751, 0, 1, -0, 0.438378751, 0, 0.898790359)
            elseif Level == 1600 or Level <= 1624 then 
                Mon = "Dragon Crew Archer [Lv. 1600]"
                NQuest = "AmazonQuest"
                LQuest = 2
                NameMon = "Dragon Crew Archer"
                CFrameQuest = CFrame.new(5833.1147460938, 51.60498046875, -1103.0693359375)
            elseif Level == 1625 or Level <= 1649 then
                Mon = "Female Islander [Lv. 1625]"
                NQuest = "AmazonQuest2"
                LQuest = 1
                NameMon = "Female Islander"
                CFrameQuest = CFrame.new(5446.8793945313, 601.62945556641, 749.45672607422)
            elseif Level == 1650 or Level <= 1699 then 
                Mon = "Giant Islander [Lv. 1650]"
                NQuest = "AmazonQuest2"
                LQuest = 2
                NameMon = "Giant Islander"
                CFrameQuest = CFrame.new(5446.8793945313, 601.62945556641, 749.45672607422)
            elseif Level == 1700 or Level <= 1724 then
                Mon = "Marine Commodore [Lv. 1700]"
                LQuest = 1
                NQuest = "MarineTreeIsland"
                NameMon = "Marine Commodore"
                CFrameQuest = CFrame.new(2180.54126, 27.8156815, -6741.5498, -0.965929747, 0, 0.258804798, 0, 1, 0, -0.258804798, 0, -0.965929747)
            elseif Level == 1725 or Level <= 1774 then
                Mon = "Marine Rear Admiral [Lv. 1725]"
                NameMon = "Marine Rear Admiral"
                NQuest = "MarineTreeIsland"
                LQuest = 2
                CFrameQuest = CFrame.new(2179.98828125, 28.731239318848, -6740.0551757813)
            elseif Level == 1775 or Level <= 1799 then
                Mon = "Fishman Raider [Lv. 1775]"
                LQuest = 1
                NQuest = "DeepForestIsland3"
                NameMon = "Fishman Raider"
                CFrameQuest = CFrame.new(-10581.6563, 330.872955, -8761.18652, -0.882952213, 0, 0.469463557, 0, 1, 0, -0.469463557, 0, -0.882952213)   
            elseif Level == 1800 or Level <= 1824 then
                Mon = "Fishman Captain [Lv. 1800]"
                LQuest = 2
                NQuest = "DeepForestIsland3"
                NameMon = "Fishman Captain"
                CFrameQuest = CFrame.new(-10581.6563, 330.872955, -8761.18652, -0.882952213, 0, 0.469463557, 0, 1, 0, -0.469463557, 0, -0.882952213)   
            elseif Level == 1825 or Level <= 1849 then
                Mon = "Forest Pirate [Lv. 1825]"
                LQuest = 1
                NQuest = "DeepForestIsland"
                NameMon = "Forest Pirate"
                CFrameQuest = CFrame.new(-13234.04, 331.488495, -7625.40137, 0.707134247, -0, -0.707079291, 0, 1, -0, 0.707079291, 0, 0.707134247)
            elseif Level == 1850 or Level <= 1899 then
                Mon = "Mythological Pirate [Lv. 1850]"
                LQuest = 2
                NQuest = "DeepForestIsland"
                NameMon = "Mythological Pirate"
                CFrameQuest = CFrame.new(-13234.04, 331.488495, -7625.40137, 0.707134247, -0, -0.707079291, 0, 1, -0, 0.707079291, 0, 0.707134247)   
            elseif Level == 1900 or Level <= 1924 then
                Mon = "Jungle Pirate [Lv. 1900]"
                LQuest = 1
                NQuest = "DeepForestIsland2"
                NameMon = "Jungle Pirate"
                CFrameQuest = CFrame.new(-12680.3818, 389.971039, -9902.01953, -0.0871315002, 0, 0.996196866, 0, 1, 0, -0.996196866, 0, -0.0871315002)
            elseif Level == 1925 or Level <= 1974 then
                Mon = "Musketeer Pirate [Lv. 1925]"
                LQuest = 2
                NQuest = "DeepForestIsland2"
                NameMon = "Musketeer Pirate"
                CFrameQuest = CFrame.new(-12680.3818, 389.971039, -9902.01953, -0.0871315002, 0, 0.996196866, 0, 1, 0, -0.996196866, 0, -0.0871315002)
            elseif Level == 1975 or Level <= 1999 then
                Mon = "Reborn Skeleton [Lv. 1975]"
                LQuest = 1
                NQuest = "HauntedQuest1"
                NameMon = "Reborn Skeleton"
                CFrameQuest = CFrame.new(-9479.2168, 141.215088, 5566.09277, 0, 0, 1, 0, 1, -0, -1, 0, 0)
            elseif Level == 2000 or Level <= 2024 then
                Mon = "Living Zombie [Lv. 2000]"
                LQuest = 2
                NQuest = "HauntedQuest1"
                NameMon = "Living Zombie"
                CFrameQuest = CFrame.new(-9479.2168, 141.215088, 5566.09277, 0, 0, 1, 0, 1, -0, -1, 0, 0)
            elseif Level == 2025 or Level <= 2049 then
                Mon = "Demonic Soul [Lv. 2025]"
                LQuest = 1
                NQuest = "HauntedQuest2"
                NameMon = "Demonic Soul"
                CFrameQuest = CFrame.new(-9516.99316, 172.017181, 6078.46533, 0, 0, -1, 0, 1, 0, 1, 0, 0) 
            elseif Level == 2050 or Level <= 2074 then
                Mon = "Posessed Mummy [Lv. 2050]"
                LQuest = 2
                NQuest = "HauntedQuest2"
                NameMon = "Posessed Mummy"
                CFrameQuest = CFrame.new(-9516.99316, 172.017181, 6078.46533, 0, 0, -1, 0, 1, 0, 1, 0, 0)
            elseif Level == 2075 or Level <= 2099 then
                Mon = "Peanut Scout [Lv. 2075]"
                LQuest = 1
                NQuest = "NutsIslandQuest"
                NameMon = "Peanut Scout"
                CFrameQuest = CFrame.new(-2104.3908691406, 38.104167938232, -10194.21875, 0, 0, -1, 0, 1, 0, 1, 0, 0)
            elseif Level == 2100 or Level <= 2124 then
                Mon = "Peanut President [Lv. 2100]"
                LQuest = 2
                NQuest = "NutsIslandQuest"
                NameMon = "Peanut President"
                CFrameQuest = CFrame.new(-2104.3908691406, 38.104167938232, -10194.21875, 0, 0, -1, 0, 1, 0, 1, 0, 0)
            elseif Level == 2125 or Level <= 2149 then
                Mon = "Ice Cream Chef [Lv. 2125]"
                LQuest = 1
                NQuest = "IceCreamIslandQuest"
                NameMon = "Ice Cream Chef"
                CFrameQuest = CFrame.new(-820.64825439453, 65.819526672363, -10965.795898438, 0, 0, -1, 0, 1, 0, 1, 0, 0)
            elseif Level == 2150 or Level <= 2199 then
                Mon = "Ice Cream Commander [Lv. 2150]"
                LQuest = 2
                NQuest = "IceCreamIslandQuest"
                NameMon = "Ice Cream Commander"
                CFrameQuest = CFrame.new(-820.64825439453, 65.819526672363, -10965.795898438, 0, 0, -1, 0, 1, 0, 1, 0, 0)
            elseif Level == 2200 or Level <= 2224 then
                Mon = "Cookie Crafter [Lv. 2200]"
                LQuest = 1
                NQuest = "CakeQuest1"
                NameMon = "Cookie Crafter"
                CFrameQuest = CFrame.new(-2021.32007, 37.7982254, -12028.7295, 0.957576931, -8.80302053e-08, 0.288177818, 6.9301187e-08, 1, 7.51931211e-08, -0.288177818, -5.2032135e-08, 0.957576931)
            elseif Level == 2225 or Level <= 2249 then
                Mon = "Cake Guard [Lv. 2225]"
                LQuest = 2
                NQuest = "CakeQuest1"
                NameMon = "Cake Guard"
                CFrameQuest = CFrame.new(-2021.32007, 37.7982254, -12028.7295, 0.957576931, -8.80302053e-08, 0.288177818, 6.9301187e-08, 1, 7.51931211e-08, -0.288177818, -5.2032135e-08, 0.957576931)
            elseif Level == 2250 or Level <= 2274 then
                Mon = "Baking Staff [Lv. 2250]"
                LQuest = 1
                NQuest = "CakeQuest2"
                NameMon = "Baking Staff"
                CFrameQuest = CFrame.new(-1927.91602, 37.7981339, -12842.5391, -0.96804446, 4.22142143e-08, 0.250778586, 4.74911062e-08, 1, 1.49904711e-08, -0.250778586, 2.64211941e-08, -0.96804446)
            elseif Level == 2275 or Level <= 2299 then
                Mon = "Head Baker [Lv. 2275]"
                LQuest = 2
                NQuest = "CakeQuest2"
                NameMon = "Head Baker"
                CFrameQuest = CFrame.new(-1927.91602, 37.7981339, -12842.5391, -0.96804446, 4.22142143e-08, 0.250778586, 4.74911062e-08, 1, 1.49904711e-08, -0.250778586, 2.64211941e-08, -0.96804446)
            elseif Level == 2300 or Level <= 2324 then
                Mon = "Cocoa Warrior [Lv. 2300]"
                LQuest = 1
                NQuest = "ChocQuest1"
                NameMon = "Cocoa Warrior"
                CFrameQuest = CFrame.new(231.88818359375, 24.769283294677734, -12202.1337890625)
            elseif Level == 2325 or Level <= 2349 then
                Mon = "Chocolate Bar Battler [Lv. 2325]"
                LQuest = 2
                NQuest = "ChocQuest1"
                NameMon = "Chocolate Bar Battler"
                CFrameQuest = CFrame.new(231.88818359375, 24.769283294677734, -12202.1337890625)
        elseif Level == 2350 or Level <= 2374 then
                Mon = "Sweet Thief [Lv. 2350]"
                LQuest = 1
                NQuest = "ChocQuest2"
                NameMon = "Sweet Thief"
                CFrameQuest = CFrame.new(151.1981201171875, 24.828855514526367, -12778.08984375)
        elseif Level >= 2375 then
                Mon = "Candy Rebel [Lv. 2375]"
                LQuest = 2
                NQuest = "ChocQuest2"
                NameMon = "Candy Rebel"
                CFrameQuest = CFrame.new(151.1981201171875, 24.828855514526367, -12778.08984375)
            end
        end
    end

    function Click()
        game:GetService'VirtualUser':CaptureController()
        game:GetService'VirtualUser':Button1Down(Vector2.new(1280, 672))
    end

    function AutoHaki()
        if not game:GetService("Players").LocalPlayer.Character:FindFirstChild("HasBuso") then
            game:GetService("ReplicatedStorage").Remotes.CommF_:InvokeServer("Buso")
        end
    end

    function EquipWeapon(ToolSe)
        if game.Players.LocalPlayer.Backpack:FindFirstChild(ToolSe) then
        local tool = game.Players.LocalPlayer.Backpack:FindFirstChild(ToolSe)
        wait(.4)
        game.Players.LocalPlayer.Character.Humanoid:EquipTool(tool)
    end
    end

    function topos(Pos)
        Distance = (Pos.Position - game.Players.LocalPlayer.Character.HumanoidRootPart.Position).Magnitude
        if game.Players.LocalPlayer.Character.Humanoid.Sit == true then game.Players.LocalPlayer.Character.Humanoid.Sit = false end
        pcall(function() tween = game:GetService("TweenService"):Create(game.Players.LocalPlayer.Character.HumanoidRootPart,TweenInfo.new(Distance/210, Enum.EasingStyle.Linear),{CFrame = Pos}) end)
        tween:Play()
        if Distance <= 250 then
            tween:Cancel()
            game.Players.LocalPlayer.Character.HumanoidRootPart.CFrame = Pos
        end
        if _G.StopTween == true then
            tween:Cancel()
            _G.Clip = false
        end
    end

    function GetDistance(target)
        return math.floor((target.Position - game.Players.LocalPlayer.Character.HumanoidRootPart.Position).Magnitude)
    end

    spawn(function()
        pcall(function()
            while wait() do
                if _G.AutoFarm == true then
                    if not game:GetService("Players").LocalPlayer.Character.HumanoidRootPart:FindFirstChild("BodyClip") then
                        local Noclip = Instance.new("BodyVelocity")
                        Noclip.Name = "BodyClip"
                        Noclip.Parent = game:GetService("Players").LocalPlayer.Character.HumanoidRootPart
                        Noclip.MaxForce = Vector3.new(100000,100000,100000)
                        Noclip.Velocity = Vector3.new(0,0,0)
                    end
                end
            end
        end)
    end)

    spawn(function()
        pcall(function()
            game:GetService("RunService").Stepped:Connect(function()
                if _G.AutoFarm == true then
                    for _, v in pairs(game:GetService("Players").LocalPlayer.Character:GetDescendants()) do
                        if v:IsA("BasePart") then
                            v.CanCollide = false    
                        end
                    end
                end
            end)
        end)
    end)

    function StopTween(target)
        if not target then
            _G.StopTween = true
            wait()
            topos(game:GetService("Players").LocalPlayer.Character.HumanoidRootPart.CFrame)
            wait()
            if game:GetService("Players").LocalPlayer.Character.HumanoidRootPart:FindFirstChild("BodyClip") then
                game:GetService("Players").LocalPlayer.Character.HumanoidRootPart:FindFirstChild("BodyClip"):Destroy()
            end
            _G.StopTween = false
            _G.Clip = false
        end
    end

    function toTarget(targetPos, targetCFrame)
        if FastTween then
            Distance = (targetPos - game:GetService("Players").LocalPlayer.Character:WaitForChild("HumanoidRootPart").Position).Magnitude
            if Distance < 1000 then
                Speed = 325
            elseif Distance >= 1000 then
                Speed = 300
            end
        else
            Distance = (targetPos - game:GetService("Players").LocalPlayer.Character:WaitForChild("HumanoidRootPart").Position).Magnitude
            if Distance < 1000 then
                Speed = 275
            elseif Distance >= 1000 then
                Speed = 250
            end
        end
        local tweenfunc = {}

        local tween_s = game:service"TweenService"
        local info = TweenInfo.new((targetPos - game:GetService("Players").LocalPlayer.Character:WaitForChild("HumanoidRootPart").Position).Magnitude/Speed, Enum.EasingStyle.Linear)
        local tween = tween_s:Create(game:GetService("Players").LocalPlayer.Character["HumanoidRootPart"], info, {CFrame = targetCFrame * CFrame.fromAxisAngle(Vector3.new(1,0,0), math.rad(0))})
        tween:Play()

        function tweenfunc:Stop()
            tween:Cancel()
        end 

        if not tween then return tween end
        return tweenfunc
    end

    function totarget(CFgo)
    local tween_s = game:service"TweenService"
    local info = TweenInfo.new((game:GetService("Players")["LocalPlayer"].Character.HumanoidRootPart.Position - CFgo.Position).Magnitude/300, Enum.EasingStyle.Linear)
    local tween, err = pcall(function()
        tween = tween_s:Create(game.Players.LocalPlayer.Character["HumanoidRootPart"], info, {CFrame = CFgo})
        tween:Play()
    end)
    if not tween then return err end
    end

    game:GetService("Players").LocalPlayer.Idled:connect(function()
        game:GetService("VirtualUser"):Button2Down(Vector2.new(0,0),workspace.CurrentCamera.CFrame)
        wait(1)
        game:GetService("VirtualUser"):Button2Up(Vector2.new(0,0),workspace.CurrentCamera.CFrame)
    end)

    spawn(function()
        pcall(function()
            while wait() do
                for i,v in pairs(game:GetService("Players").LocalPlayer.Backpack:GetChildren()) do  
                    if v:IsA("Tool") then
                        if v:FindFirstChild("RemoteFunctionShoot") then 
                            SelectWeaponGun = v.Name
                        end
                    end
                end
            end
        end)
    end)



    function Click()
        game:GetService'VirtualUser':CaptureController()
        game:GetService'VirtualUser':Button1Down(Vector2.new(1280, 672))
    end

    function AutoHaki()
        if not game:GetService("Players").LocalPlayer.Character:FindFirstChild("HasBuso") then
            game:GetService("ReplicatedStorage").Remotes.CommF_:InvokeServer("Buso")
        end
    end

    function EquipWeapon(ToolSe)
        if game.Players.LocalPlayer.Backpack:FindFirstChild(ToolSe) then
        local tool = game.Players.LocalPlayer.Backpack:FindFirstChild(ToolSe)
        wait(.4)
        game.Players.LocalPlayer.Character.Humanoid:EquipTool(tool)
    end
    end

    function topos(Pos)
        Distance = (Pos.Position - game.Players.LocalPlayer.Character.HumanoidRootPart.Position).Magnitude
        if game.Players.LocalPlayer.Character.Humanoid.Sit == true then game.Players.LocalPlayer.Character.Humanoid.Sit = false end
        pcall(function() tween = game:GetService("TweenService"):Create(game.Players.LocalPlayer.Character.HumanoidRootPart,TweenInfo.new(Distance/210, Enum.EasingStyle.Linear),{CFrame = Pos}) end)
        tween:Play()
        if Distance <= 250 then
            tween:Cancel()
            game.Players.LocalPlayer.Character.HumanoidRootPart.CFrame = Pos
        end
        if _G.StopTween == true then
            tween:Cancel()
            _G.Clip = false
        end
    end

    function GetDistance(target)
        return math.floor((target.Position - game.Players.LocalPlayer.Character.HumanoidRootPart.Position).Magnitude)
    end

    spawn(function()
        pcall(function()
            while wait() do
                if _G.AutoFarm == true then
                    if not game:GetService("Players").LocalPlayer.Character.HumanoidRootPart:FindFirstChild("BodyClip") then
                        local Noclip = Instance.new("BodyVelocity")
                        Noclip.Name = "BodyClip"
                        Noclip.Parent = game:GetService("Players").LocalPlayer.Character.HumanoidRootPart
                        Noclip.MaxForce = Vector3.new(100000,100000,100000)
                        Noclip.Velocity = Vector3.new(0,0,0)
                    end
                end
            end
        end)
    end)

    spawn(function()
        pcall(function()
            game:GetService("RunService").Stepped:Connect(function()
                if _G.AutoFarm == true then
                    for _, v in pairs(game:GetService("Players").LocalPlayer.Character:GetDescendants()) do
                        if v:IsA("BasePart") then
                            v.CanCollide = false    
                        end
                    end
                end
            end)
        end)
    end)

    function StopTween(target)
        if not target then
            _G.StopTween = true
            wait()
            topos(game:GetService("Players").LocalPlayer.Character.HumanoidRootPart.CFrame)
            wait()
            if game:GetService("Players").LocalPlayer.Character.HumanoidRootPart:FindFirstChild("BodyClip") then
                game:GetService("Players").LocalPlayer.Character.HumanoidRootPart:FindFirstChild("BodyClip"):Destroy()
            end
            _G.StopTween = false
            _G.Clip = false
        end
    end

    function toTarget(targetPos, targetCFrame)
        if FastTween then
            Distance = (targetPos - game:GetService("Players").LocalPlayer.Character:WaitForChild("HumanoidRootPart").Position).Magnitude
            if Distance < 1000 then
                Speed = 325
            elseif Distance >= 1000 then
                Speed = 300
            end
        else
            Distance = (targetPos - game:GetService("Players").LocalPlayer.Character:WaitForChild("HumanoidRootPart").Position).Magnitude
            if Distance < 1000 then
                Speed = 275
            elseif Distance >= 1000 then
                Speed = 250
            end
        end
        local tweenfunc = {}

        local tween_s = game:service"TweenService"
        local info = TweenInfo.new((targetPos - game:GetService("Players").LocalPlayer.Character:WaitForChild("HumanoidRootPart").Position).Magnitude/Speed, Enum.EasingStyle.Linear)
        local tween = tween_s:Create(game:GetService("Players").LocalPlayer.Character["HumanoidRootPart"], info, {CFrame = targetCFrame * CFrame.fromAxisAngle(Vector3.new(1,0,0), math.rad(0))})
        tween:Play()

        function tweenfunc:Stop()
            tween:Cancel()
        end 

        if not tween then return tween end
        return tweenfunc
    end

    function totarget(CFgo)
    local tween_s = game:service"TweenService"
    local info = TweenInfo.new((game:GetService("Players")["LocalPlayer"].Character.HumanoidRootPart.Position - CFgo.Position).Magnitude/300, Enum.EasingStyle.Linear)
    local tween, err = pcall(function()
        tween = tween_s:Create(game.Players.LocalPlayer.Character["HumanoidRootPart"], info, {CFrame = CFgo})
        tween:Play()
    end)
    if not tween then return err end
    end

    game:GetService("Players").LocalPlayer.Idled:connect(function()
        game:GetService("VirtualUser"):Button2Down(Vector2.new(0,0),workspace.CurrentCamera.CFrame)
        wait(1)
        game:GetService("VirtualUser"):Button2Up(Vector2.new(0,0),workspace.CurrentCamera.CFrame)
    end)

    spawn(function()
        pcall(function()
            while wait() do
                for i,v in pairs(game:GetService("Players").LocalPlayer.Backpack:GetChildren()) do
                    if v:IsA("Tool") then
                        if v:FindFirstChild("RemoteFunctionShoot") then
                            SelectWeaponGun = v.Name
                        end
                    end
                end
            end
        end)
    end)



    function Hop()
    local PlaceID = game.PlaceId
    local AllIDs = {}
    local foundAnything = ""
    local actualHour = os.date("!*t").hour
    local Deleted = false
    function TPReturner()
        local Site;
        if foundAnything == "" then
            Site = game.HttpService:JSONDecode(game:HttpGet('https://games.roblox.com/v1/games/' .. PlaceID .. '/servers/Public?sortOrder=Asc&limit=100'))
        else
            Site = game.HttpService:JSONDecode(game:HttpGet('https://games.roblox.com/v1/games/' .. PlaceID .. '/servers/Public?sortOrder=Asc&limit=100&cursor=' .. foundAnything))
        end
        local ID = ""
        if Site.nextPageCursor and Site.nextPageCursor ~= "null" and Site.nextPageCursor ~= nil then
            foundAnything = Site.nextPageCursor
        end
        local num = 0;
        for i,v in pairs(Site.data) do
            local Possible = true
            ID = tostring(v.id)
            if tonumber(v.maxPlayers) > tonumber(v.playing) then
                for _,Existing in pairs(AllIDs) do
                    if num ~= 0 then
                        if ID == tostring(Existing) then
                            Possible = false
                        end
                    else
                        if tonumber(actualHour) ~= tonumber(Existing) then
                            local delFile = pcall(function()
                                AllIDs = {}
                                table.insert(AllIDs, actualHour)
